clear
M = [247 48 25 74 -63 -160 36 160 79 -1;
48 246 -21 -24 -17 -42 -20 41 -10 -23;
25 -21 233 -102 178 58 -6 47 -97 -40;
74 -24 -102 180 -155 -16 -22 110 146 9;
-63 -17 178 -155 241 74 43 -18 -126 -9;
-160 -42 58 -16 74 232 -97 -44 -23 -8;
36 -20 -6 -22 43 -97 180 47 -48 -58;
160 41 47 110 -18 -44 47 227 82 -4;
79 -10 -97 146 -126 -23 -48 82 195 40;
-1 -23 -40 9 -9 -8 -58 -4 40 150]

b = [233 62 4 109 -35 -223 -249 -106 -90 -73]'

inv(M)*b